0 2 4 8 11 17 22 5 46 27 24 34 9 10 
1 3 4 5 7 12 13 17 31 36 28 10 44 22 46 9 10 11 12 13
0 1 2 3 7 35 47 32 14 18 49 50 25 38 47 43 
4 5 9 10 11 12 13 9 5 32 49 26 50 10 31 29 15 39 0
28 38 27 45 35 50 28 30 43 1 4 37 29 8 43 17 
36 8 7 24 29 5 17 9 13
28 20 11 45 14 4 28 9
0 12 35 29 50 49 39 26 1 25 23 9
0 1 4 7 12 19 33 49 18 31 8 12 27 50
13 35 29 46 19 41 9
16 46 41 3 50 9 5 15 31 12 25 29 26 9 46 23 8 33 26
29 28 1 17 27 19 9
29 22 44 36 26 14 33 9
23 9 14 36 41 22 19
38 47 14 33 8 9
30 48 35 7 44 8 47 14 9
31 12 29 9 38 15 19 18 47 5
4 22 19 18 47 5 26 12 31 18 9
9 29 16 30 4 39 36 36 38 27 5 9 21 26 31 2 18 15 28 28 23 12 25 18 15
39 10 21 50 46 11 9
3 42 43 4 15 50 9
10 26 12 31 18 17 4
22 8 14 46 31 9 33 13 16
3 39 10 43 5 20 21 22 23 9 
0 2 4 5 6 7 12 39 30 19 13 38 41 44 9
2 15 31 20 11 44 22 33 44 28 
21 8 12 5 50 49 24 41 46 22 20 14 16 17 3 22
24 7 15 34 11 5 17 15 44 21 22 2 27 22 29 15 27
4 15 23 16 36 39 48 38 42 22 17 32 27 25 34
7 9 41 47 15 23 42 9
49 30 43 1 39 33 16 15 31 20 11 9
50 46 9 33 13 16 48
18 37 30 24 8 29 43 9
28 27 10 44 27 35 8 14 46 31
28 43 33 18 17 11 41 47 15 23 42
29 45 13 48 22 21 1 21 17 4 9
47 25 41 28 23 36 13 6 9 36 38 27 5 9 21 26 31 2 18 15 28 28 23 12 25 18 15
44 28 4 13 27 43 20 19 48 18 6 7 44 19 11 49 17
32 16 2 21 14 33 35 37 38 39 42 46 48 50
19 29 36 40 15 31 9 18 25 23 10
50 16 32 37 34 9
33 22 39 8 26 17 5 2 9 47 23 17
50 18 35 22 38 47 32 19 12 27 30 26 10 37 50 16 24
30 33 7 37 5 21 20 9 22 26 37 38 39 42 45 47
16 6 46 41 3 50 9 5 15 31 12 25 29 26 9 46 23 8 33 26
24 2 9 47 23 17 30 43 1 39 50 18 35 22 38 47 9
16 10 14 39 34 28 3 7 37 5 21 9
22 33 35 23 28 29 9
0 1 2 3 4 5 11 12 13 14 15 16 17 9
2 4 5 6 7 12 50 48 46 43 42 47 48 26 9
9 4 2 49 26 25 5 25 19 9 6 3 5 7 9